0.00580711 0.318536 
0.00727355 0.257351 
0.00924807 0.211990 
0.0119365 0.167982 
0.0161160 0.143845 
0.0208008 0.125588 
0.0260535 0.107542 
0.0331262 0.0938926 
0.0434025 0.0804013 
0.0560195 0.0649578 
0.0723042 0.0556241 
0.0933227 0.0458197 
0.118657 0.0370187 
0.150868 0.0310908 
0.203694 0.0251189 
0.255132 0.0206914 
0.329298 0.0177183 
0.412454 0.0148810 
0.556873 0.0122580 
0.708046 0.00971334 
0.913872 0.00784760 
1.17953 0.00598194 
1.52242 0.00455982 
1.96498 0.00340904 
2.46118 0.00249974 
3.22468 0.00179778 
4.03899 0.00119645 
5.29196 0.000966636 
6.72855 0.000708804 
9.08454 0.000630957 