\fixlen=T
| ra         | dec       |
|double      |double     |
| deg        | deg       |
  20.000000    -8.000000  
  20.000000    -6.000000  
  20.000000    -4.000000  
  20.000000    -2.000000  
  20.000000    0.000000   
  20.000000    2.000000   
  20.000000    4.000000   
  20.000000    6.000000   
  20.000000    8.000000   
  18.000000    -8.000000  
  18.000000    -6.000000  
  18.000000    -4.000000  
  18.000000    -2.000000  
  18.000000    0.000000   
  18.000000    2.000000   
  18.000000    4.000000   
  18.000000    6.000000   
  18.000000    8.000000   
  16.000000    -8.000000  
  16.000000    -6.000000  
  16.000000    -4.000000  
  16.000000    -2.000000  
  16.000000    0.000000   
  16.000000    2.000000   
  16.000000    4.000000   
  16.000000    6.000000   
  16.000000    8.000000   
  14.000000    -8.000000  
  14.000000    -6.000000  
  14.000000    -4.000000  
  14.000000    -2.000000  
  14.000000    0.000000   
  14.000000    2.000000   
  14.000000    4.000000   
  14.000000    6.000000   
  14.000000    8.000000   
  12.000000    -8.000000  
  12.000000    -6.000000  
  12.000000    -4.000000  
  12.000000    -2.000000  
  12.000000    0.000000   
  12.000000    2.000000   
  12.000000    4.000000   
  12.000000    6.000000   
  12.000000    8.000000   
  10.000000    -8.000000  
  10.000000    -6.000000  
  10.000000    -4.000000  
  10.000000    -2.000000  
  10.000000    0.000000   
  10.000000    2.000000   
  10.000000    4.000000   
  10.000000    6.000000   
  10.000000    8.000000   
  8.000000     -8.000000  
  8.000000     -6.000000  
  8.000000     -4.000000  
  8.000000     -2.000000  
  8.000000     0.000000   
  8.000000     2.000000   
  8.000000     4.000000   
  8.000000     6.000000   
  8.000000     8.000000   
  6.000000     -8.000000  
  6.000000     -6.000000  
  6.000000     -4.000000  
  6.000000     -2.000000  
  6.000000     0.000000   
  6.000000     2.000000   
  6.000000     4.000000   
  6.000000     6.000000   
  6.000000     8.000000   
  4.000000     -8.000000  
  4.000000     -6.000000  
  4.000000     -4.000000  
  4.000000     -2.000000  
  4.000000     0.000000   
  4.000000     2.000000   
  4.000000     4.000000   
  4.000000     6.000000   
  4.000000     8.000000   
  2.000000     -8.000000  
  2.000000     -6.000000  
  2.000000     -4.000000  
  2.000000     -2.000000  
  2.000000     0.000000   
  2.000000     2.000000   
  2.000000     4.000000   
  2.000000     6.000000   
  2.000000     8.000000   
  0.000000     -8.000000  
  0.000000     -6.000000  
  0.000000     -4.000000  
  0.000000     -2.000000  
  0.000000     0.000000   
  0.000000     2.000000   
  0.000000     4.000000   
  0.000000     6.000000   
  0.000000     8.000000   
  358.000000   -8.000000  
  358.000000   -6.000000  
  358.000000   -4.000000  
  358.000000   -2.000000  
  358.000000   0.000000   
  358.000000   2.000000   
  358.000000   4.000000   
  358.000000   6.000000   
  358.000000   8.000000   
  357.000000   -8.000000  
  357.000000   -6.000000  
  357.000000   -4.000000  
  357.000000   -2.000000  
  357.000000   0.000000   
  357.000000   2.000000   
  357.000000   4.000000   
  357.000000   6.000000   
  357.000000   8.000000   
  356.000000   -8.000000  
  356.000000   -6.000000  
  356.000000   -4.000000  
  356.000000   -2.000000  
  356.000000   0.000000   
  356.000000   2.000000   
  356.000000   4.000000   
  356.000000   6.000000   
  356.000000   8.000000   
  355.000000   -8.000000  
  355.000000   -6.000000  
  355.000000   -4.000000  
  355.000000   -2.000000  
  355.000000   0.000000   
  355.000000   2.000000   
  355.000000   4.000000   
  355.000000   6.000000   
  355.000000   8.000000   
  354.000000   -8.000000  
  354.000000   -6.000000  
  354.000000   -4.000000  
  354.000000   -2.000000  
  354.000000   0.000000   
  354.000000   2.000000   
  354.000000   4.000000   
  354.000000   6.000000   
  354.000000   8.000000   
  353.000000   -8.000000  
  353.000000   -6.000000  
  353.000000   -4.000000  
  353.000000   -2.000000  
  353.000000   0.000000   
  353.000000   2.000000   
  353.000000   4.000000   
  353.000000   6.000000   
  353.000000   8.000000   
  352.000000   -8.000000  
  352.000000   -6.000000  
  352.000000   -4.000000  
  352.000000   -2.000000  
  352.000000   0.000000   
  352.000000   2.000000   
  352.000000   4.000000   
  352.000000   6.000000   
  352.000000   8.000000   
  351.000000   -8.000000  
  351.000000   -6.000000  
  351.000000   -4.000000  
  351.000000   -2.000000  
  351.000000   0.000000   
  351.000000   2.000000   
  351.000000   4.000000   
  351.000000   6.000000   
  351.000000   8.000000   
  350.000000   -8.000000  
  350.000000   -6.000000  
  350.000000   -4.000000  
  350.000000   -2.000000  
  350.000000   0.000000   
  350.000000   2.000000   
  350.000000   4.000000   
  350.000000   6.000000   
  350.000000   8.000000   
  349.000000   -8.000000  
  349.000000   -6.000000  
  349.000000   -4.000000  
  349.000000   -2.000000  
  349.000000   0.000000   
  349.000000   2.000000   
  349.000000   4.000000   
  349.000000   6.000000   
  349.000000   8.000000   
  348.000000   -8.000000  
  348.000000   -6.000000  
  348.000000   -4.000000  
  348.000000   -2.000000  
  348.000000   0.000000   
  348.000000   2.000000   
  348.000000   4.000000   
  348.000000   6.000000   
  348.000000   8.000000   
